,x,y
0,5000.0,30.0
1,9747.604747604746,25.027898333876756
2,14495.209495209494,23.84935101481756
3,19242.814242814242,17.221359236810947
4,23990.418990418988,16.582590748833407
5,28738.023738023734,11.921492919202684
6,33485.628485628484,8.789830554439764
7,38233.23323323323,4.024970004820892
8,38233.23323323323,6.691124133994134
9,39361.02769436102,5.515422008988759
10,40488.82215548882,4.554082469455168
11,41616.616616616615,5.187630641676933
12,42744.41107774441,1.5080083967127769
13,43872.20553887221,1.427781254597603
14,45000.0,0.0
